;Default Settings Generated By  SA Camhack v1.0

[Keys]
K0=55
K1=181
K2=78
K3=74
K4=75
K5=77
K6=72
K7=80
K8=82
K9=76
K10=79
K11=81
K12=207
K13=88
K14=46
K15=83
K16=45
K17=27
K18=26
K19=40
K20=39
K21=25
[Main]
MouseSensitivity=0.5
KeySensitivity=0.01
Rate=10
JoyIndex=1
InvertM=0
InvertX=0
FOVX=1.333333
FOVY=8.726646E-03
Version=120
HCAM=0
FlySensitivity=0.5
[Display]
DS0=1
DS1=1
DS2=1
DS3=0
DS4=0
DS5=1
DS6=0
DS7=1
DS8=1
SpdX=144
SpdY=73
SpdU=0
SpdS=0
